.Random.seed <-
c(403L, 10L, -452885125L, 1476997962L, -2022820948L, -850945361L, 
1532815461L, -899119076L, -1003551118L, -1464510227L, 1407523111L, 
1881834830L, -1326692952L, -782597717L, 1976613577L, 134720216L, 
-635332730L, 1970801249L, 1827820531L, -1204156830L, -992386860L, 
1564305879L, -112485427L, -363712668L, -1957594294L, 2054359733L, 
-1809532401L, -1150035178L, -163875392L, 1042195843L, -332862559L, 
232797072L, -1590890386L, -1045932519L, 1218868907L, 106973850L, 
2118137436L, -85548193L, 1908481333L, -876639028L, 1579906594L, 
-1604073347L, 1111110007L, 2070453918L, 496864600L, -1355875141L, 
1428341337L, 891513320L, 1285557270L, 274872209L, 695900227L, 
-387948718L, -1790729244L, -629343705L, 1832424061L, 499927924L, 
907192154L, 846832037L, -1133429313L, 899636806L, 822865104L, 
-612022541L, -1520812015L, 44049984L, 987990558L, -1894513431L, 
653307419L, 1178652202L, -391204532L, -2047640817L, -503976379L, 
-1804707844L, -1693856174L, 870110157L, -1337827961L, 371562606L, 
95969352L, -213986741L, 894357417L, 1386249976L, 10361382L, -773876927L, 
1674213587L, -1455735678L, -1947764044L, -67555785L, -1173908179L, 
-952721852L, -1129634966L, -1606864939L, -2142733969L, 1321571446L, 
1299513248L, -637147037L, 2073750785L, 1145331824L, -161813490L, 
-1530475399L, 1840585739L, 622531898L, -2000837572L, -947948673L, 
1568506069L, -474336020L, -2055254462L, 1450295709L, -1807829993L, 
-1124177538L, 559394616L, 1788241947L, 2091477369L, 1496829896L, 
2106807286L, -2018671055L, -574324637L, 364740658L, -1017070204L, 
1012515783L, 1426925213L, 1791364628L, -1511992134L, -650952443L, 
184148703L, 1477496678L, 679274224L, -986980845L, 1659303857L, 
-1490959776L, -1316536322L, 1702440841L, -1112889157L, 1162626186L, 
1495799660L, 834512111L, 178360101L, -1242531364L, 1876928434L, 
-47829331L, -1108081049L, 1895576974L, -1475673496L, -1959182741L, 
1474942985L, 1283901080L, -922451514L, 1237143841L, 1232003507L, 
1509154082L, 967841556L, -477671529L, -320073843L, 1142583972L, 
1210416266L, 1246704373L, 595875151L, -1257053610L, 1857880320L, 
651981891L, -1044293663L, -531007664L, -20944466L, -759814311L, 
-1404457621L, 2087843034L, -1160479332L, -221568609L, -1980816395L, 
-858148212L, 1245124450L, 316548925L, -960700489L, -232797090L, 
-1683594856L, -1669159685L, 1911345305L, -1379114712L, 932001750L, 
-1107708847L, -1247568125L, 2104071826L, 1287255076L, 967441127L, 
-191721667L, -1791127628L, 1660384282L, 673075045L, -1152323073L, 
-795747194L, -26075120L, -1546190157L, 396820817L, -2027028224L, 
1894548446L, -1746030551L, 141428699L, -661834518L, -900312436L, 
-387723825L, 980320645L, -558466500L, 1810980626L, -450165747L, 
2014482247L, 726461742L, -1373574008L, -1124959861L, 1209745769L, 
-2078577864L, 1117378022L, 1258647937L, -1285266157L, 588473026L, 
-1036063372L, -105837193L, -234031507L, 321231108L, -1215566806L, 
1415192981L, 946984495L, -1187269834L, 569346912L, -1597509213L, 
-1238797631L, -2068616528L, 1048937934L, -1110640327L, 823768395L, 
-535789830L, 1650601980L, -836510190L, -1517220992L, -506092780L, 
252383528L, 480472122L, 919923664L, -138968468L, 575191604L, 
1363581586L, -2022204064L, -1376630452L, 1825167328L, 401675682L, 
-347865688L, -1524013428L, -218088004L, 101445234L, 925891568L, 
-1150798268L, -591234984L, -1954129862L, 384493680L, -1755203524L, 
-216778476L, -1034124606L, 865046240L, -2083297156L, -184004912L, 
-2069292638L, -1347194840L, -968271092L, 958452156L, 1163809586L, 
-1335944512L, 954934324L, 985339592L, 778269882L, 793704080L, 
1157115628L, 921037396L, 1201832594L, -1842380512L, 914713036L, 
1564000992L, 907778242L, -720784344L, 1637578668L, -254934340L, 
1610976242L, 328937008L, -335157340L, 831499704L, 680421210L, 
-673664880L, 1051157372L, -1814359788L, -18396862L, -939628288L, 
1475743164L, 1034291536L, -1259656926L, -852278712L, 1670146060L, 
959989340L, 1973463506L, -1878258176L, -1943085740L, 1888488680L, 
-1286534918L, 971349712L, -1352381652L, -1171445516L, -1138712174L, 
-1593260704L, 1258091532L, 1669352672L, 1090343522L, -1240767320L, 
1456882764L, 1811931004L, 440858930L, 1238295152L, -145722556L, 
385203160L, -1201525894L, 1246033968L, -983875652L, 178416212L, 
-2046316478L, -1283111264L, 1368294076L, 1761723344L, 284398946L, 
-877019416L, -248472372L, 1970690556L, 1459822066L, -4088704L, 
-1122354700L, 108216968L, 707754810L, 2057266512L, -1611905940L, 
-2046292588L, -2077169582L, 1468186080L, 366654668L, -390062432L, 
1039470978L, -2112626456L, 1548274412L, 35446076L, -2140501902L, 
-1369218448L, -653321692L, -1680005064L, 120273178L, -1536777008L, 
-253028036L, 22188948L, 390715266L, -1355478080L, 364189244L, 
1889485200L, 1922099234L, 871222536L, -175740788L, -511422692L, 
-1273185134L, -2051420800L, 1017425940L, -1255266520L, 1129915962L, 
690866640L, 313540972L, 1813887924L, -229453294L, -64776224L, 
-740984372L, 723900640L, 1142305826L, -90752216L, -2069517812L, 
-710495428L, 385959922L, -236911888L, 560728644L, 1235187288L, 
-391637190L, -1517103120L, 1561438908L, -1826503404L, 1766321346L, 
615443552L, 199572860L, -1595768880L, -1067316958L, 1127485096L, 
-1994326132L, 925328572L, -409627854L, -912771520L, -279972684L, 
1466453064L, -1525756486L, 1300617744L, 688327916L, -240332460L, 
-1769686254L, 1442743712L, -1484598580L, 1012451936L, 1350903746L, 
1845584680L, 1523065260L, 2080388412L, -1610693774L, -1568348880L, 
953261860L, -1867651784L, -90626342L, 1290532752L, 694174460L, 
-1647289452L, -1362713534L, 1222847744L, -1679605700L, 1839697232L, 
840578210L, 336739144L, 1364766476L, 1585811164L, 450529106L, 
1679779456L, -686419884L, 56165352L, 305416954L, 2134355280L, 
1276049196L, 1470196596L, 1692238738L, -804435360L, -328519796L, 
392992608L, 192797666L, 1419643816L, 686460108L, -1593685508L, 
-983085134L, -296772112L, -1648460348L, 1900376408L, -1195104902L, 
-494068304L, -388693060L, -309008300L, 1950736322L, 338360352L, 
1737412796L, 1353972304L, -1079584798L, 1161223784L, 1756208716L, 
130148604L, 1154707442L, 1113408768L, 1803877236L, 1811969573L, 
-818001105L, 764656872L, 822189510L, -2128401293L, 1889674965L, 
741301426L, 1937182848L, -32179095L, -1095350053L, 1496800300L, 
1746805818L, -1026297105L, -793842311L, 732152334L, -242175012L, 
-1403012019L, 1290301367L, 2009125184L, -1854244834L, 103755499L, 
1413627501L, 1145497306L, -1231022440L, 1007951105L, 745087667L, 
1947266516L, -891278110L, 1105495415L, -1122485055L, 767328326L, 
668725124L, -741914315L, -126593249L, -362595720L, 1472716630L, 
-1146896925L, 192238501L, -1381277118L, 1460240432L, -927566759L, 
-1201133109L, -932386244L, 254157930L, -705775969L, -374424791L, 
-468133954L, -859150676L, -1784296451L, 1539883847L, 1857446960L, 
1480705358L, -1357750917L, -2066216227L, -587740406L, -2068919768L, 
1196515985L, -965729661L, -894065788L, 1644628402L, 741914375L, 
-1043163823L, -1520804650L, 1825651124L, -875942459L, -350814961L, 
1893534600L, 605180582L, 1126482515L, 718015413L, 1009465618L, 
-1726797088L, 100581193L, -1043541637L, -707773364L, 510950874L, 
-1380925489L, -927579751L, -1303006802L, 1270337212L, -1760379091L, 
1953971415L, 311690528L, 1245418110L, 330325067L, 1459834445L, 
1367209082L, 1865430200L, 1023213153L, -556284909L, -1225854412L, 
1660695618L, -1099396009L, -2042378335L, 1262286950L, 728481892L, 
-1240261739L, -1676956481L, 965237848L, 557058166L, -289130365L, 
1288960197L, 2047555042L, -1138197424L, 1052661113L, 1484892843L, 
-937332196L, -490484406L, -297781953L, -861359223L, -404829282L, 
1004227148L, 1737935901L, -1591343705L, 683063504L, -29463954L, 
-40635109L, -470847875L, 984398954L, 245836040L, -1298317903L, 
-389391837L, -1136804060L, 1093928914L, -1788689369L, 1986854513L, 
1191347382L, -58211244L, 1478835429L, -1925396241L, -57213912L, 
-623269754L, -1855556941L, 1604154389L, -917043598L, 761397952L, 
